((("oriention" .
   [1 0 0 0 0 0 0 0 0])
  ("add_subplot" .
   [0 0 0 0 0 0 0 1 0 0 0])
  ("colorbar" .
   [0 0 0 0 0 1 0 1])
  ("ax" .
   [7 0])
  ("imgplot" .
   [2 0 0 0 0 0 0])
  ("fig" .
   [2 0 0])
  ("ravel" .
   [1 0 0 0 0])
  ("flatten" .
   [1 0 0 1 0 0 0])
  ("img_3" .
   [1 0 0 0 0])
  ("imshow" .
   [6 0 0 0 0 0])
  ("img_2" .
   [4 0 0 0 0])
  ("img_1" .
   [10 0 0 0 0])
  ("img" .
   [7 0 0])
  ("plt" .
   [16 0 0])
  ("mathring" .
   [0 0 13 0 0 0 0 0])
  ("style" .
   [3 0 0 0 0])))
